,Reduction,Random Charging,Valley Charging,Random Charing w/o Subsidy,Valley Charing w/o Subsidy
0,0.0,3.7798932562860674,4.082102443313262,4.462767894613601,4.953946976962562
1,0.001,3.676026912949584,3.9126363041853165,4.330461535073657,4.738078706134232
2,0.002,3.5721605696131027,3.743170165057372,4.198155175533714,4.522210435305902
3,0.003,3.46829422627662,3.5737040259294255,4.065848815993769,4.306342164477571
4,0.004,3.3644278829401366,3.404237886801481,3.933542456453825,4.090473893649242
5,0.005,3.2605615396036542,3.234771747673535,3.8012360969138808,3.874605622820913
6,0.006,3.1566951962671714,3.06530560854559,3.668929737373937,3.658737351992584
7,0.007,3.052828852930689,2.895839469417644,3.5366233778339935,3.442869081164253
8,0.008,2.9489625095942062,2.7263733302896993,3.404317018294049,3.227000810335924
9,0.009,2.8450961662577234,2.556907191161754,3.272010658754105,3.011132539507594
